2 0 60
2 1 57
2 2 66
2 3 60
2 4 96
2 5 63
2 6 96
2 7 66
2 8 72
2 9 78
2 10 87
2 11 75
2 12 60
2 13 54
2 14 57
2 15 87
2 16 60
2 17 57
2 18 63
2 19 63
2 20 66
2 21 81
2 22 60
2 23 69
2 24 87
3 0 112
3 1 96
3 2 104
3 3 88
3 4 104
3 5 84
3 6 88
3 7 96
3 8 148
3 9 120
3 10 92
3 11 120
3 12 76
3 13 72
3 14 112
3 15 92
3 16 100
3 17 88
3 18 84
3 19 84
3 20 188
3 21 96
3 22 96
3 23 112
3 24 116
4 0 120
4 1 145
4 2 140
4 3 140
4 4 245
4 5 120
4 6 130
4 7 110
4 8 205
4 9 145
4 10 140
4 11 160
4 12 130
4 13 155
4 14 125
4 15 140
4 16 120
4 17 115
4 18 130
4 19 145
4 20 150
4 21 125
4 22 135
4 23 240
4 24 140
5 0 150
5 1 180
5 2 186
5 3 186
5 4 180
5 5 168
5 6 204
5 7 192
5 8 180
5 9 204
5 10 156
5 11 204
5 12 162
5 13 186
5 14 174
5 15 180
5 16 186
5 17 162
5 18 144
5 19 180
5 20 156
5 21 186
5 22 156
5 23 180
5 24 180
6 0 189
6 1 245
6 2 224
6 3 266
6 4 217
6 5 189
6 6 196
6 7 224
6 8 203
6 9 294
6 10 189
6 11 252
6 12 210
6 13 203
6 14 210
6 15 203
6 16 217
6 17 210
6 18 217
6 19 245
6 20 203
6 21 224
6 22 210
6 23 175
6 24 203
7 0 232
7 1 312
7 2 264
7 3 208
7 4 240
7 5 224
7 6 248
7 7 256
7 8 272
7 9 296
7 10 272
7 11 280
7 12 280
7 13 264
7 14 256
7 15 240
7 16 248
7 17 224
7 18 248
7 19 248
7 20 232
7 21 280
7 22 256
7 23 416
7 24 272
8 0 279
8 1 324
8 2 297
8 3 333
8 4 243
8 5 270
8 6 279
8 7 279
8 8 306
8 9 396
8 10 270
8 11 342
8 12 279
8 13 315
8 14 288
8 15 297
8 16 279
8 17 288
8 18 324
8 19 315
8 20 288
8 21 315
8 22 279
8 23 288
8 24 279
9 0 340
9 1 400
9 2 340
9 3 350
9 4 350
9 5 340
9 6 300
9 7 360
9 8 310
9 9 450
9 10 310
9 11 380
9 12 280
9 13 360
9 14 310
9 15 420
9 16 400
9 17 290
9 18 330
9 19 410
9 20 320
9 21 330
9 22 330
9 23 330
9 24 320