2 0 2040
2 1 1950
2 2 1860
2 3 2100
2 4 1980
2 5 2130
2 6 2220
2 7 2130
2 8 1980
2 9 2310
3 0 5985
3 1 6390
3 2 5985
3 3 6570
3 4 6030
3 5 6255
3 6 6660
3 7 6885
3 8 6930
3 9 6930
4 0 14100
4 1 13860
4 2 13140
4 3 13140
4 4 13380
4 5 14040
4 6 13740
4 7 14220
4 8 13440
4 9 13620
5 0 24525
5 1 24825
5 2 24300
5 3 25725
5 4 26400
5 5 24075
5 6 25425
5 7 26625
5 8 26100
5 9 25275
6 0 38250
6 1 42390
6 2 41940
6 3 37800
6 4 38700
6 5 39420
6 6 41310
6 7 42930
6 8 40770
6 9 39960
7 0 64470
7 1 55860
7 2 56910
7 3 58905
7 4 49455
7 5 53655
7 6 54600
7 7 55230
7 8 63630
7 9 56280
8 0 75480
8 1 84840
8 2 72600
8 3 73320
8 4 75120
8 5 75000
8 6 81960
8 7 75840
8 8 73920
8 9 69240
9 0 100710
9 1 105030
9 2 98415
9 3 102600
9 4 100575
9 5 101385
9 6 95445
9 7 89640
9 8 79920
9 9 87750
10 0 141300
10 1 118200
10 2 125100
10 3 129000
10 4 119250
10 5 123000
10 6 136950
10 7 126750
10 8 110850
10 9 119850
